100
96 75 75 0 78 42 82 55 97 96 82 27 24 61 59 48 30 92 8 95 92 89 35 19 40 6 8 39 94 23 36 90 51 12 91 81 54 25 88 51 21 71 78 97 84 37 98 14 81 6 61 25 95 48 45 88 54 5 79 1 80 16 43 31 80 34 65 34 12 53 38 33 24 68 31 61 58 29 27 39 87 41 17 34 41 62 22 96 67 54 97 47 70 40 31 50 27 96 36 91 
50 71
25 43
44 100
40 44
89 91
93 96
60 98
63 92
24 65
50 93
43 63
43 91
91 94
67 88
22 29
61 63
30 93
1 25
45 96
26 86
11 61
13 46
32 32
23 60
64 100
50 70
70 89
23 91
65 81
82 96
92 93
13 34
32 44
46 71
5 52
13 79
46 91
84 90
4 84
36 82
30 67
77 96
77 83
64 97
87 89
31 41
91 93
52 53
8 74
50 91
24 33
26 71
39 63
50 76
71 95
61 81
70 88
4 77
35 95
92 100
15 70
4 61
69 87
31 36
7 46
39 67
94 98
3 60
28 35
26 49
89 91
51 60
27 48
8 89
24 30
87 96
77 86
99 99
96 100
24 73
9 94
84 84
29 35
38 53
90 99
6 60
5 32
92 92
61 71
45 72
2 64
78 90
72 80
26 69
5 17
72 89
62 70
19 100
94 94
97 99
100
1 3 17
1 10 73
2 71 78
2 58 83
2 35 62
1 11 57
1 15 53
1 80 86
2 51 67
1 58 90
1 32 99
1 59 85
2 68 94
2 74 91
2 9 9
2 68 68
2 44 65
1 92 95
2 47 91
1 47 77
2 34 39
1 36 78
1 46 63
2 65 83
2 46 71
2 19 80
1 9 50
2 67 81
2 50 96
1 52 86
1 69 79
2 51 73
2 60 95
1 69 76
1 32 59
1 87 92
1 93 100
2 20 59
2 96 99
1 22 30
1 4 84
1 77 94
1 100 100
2 92 97
1 74 85
2 11 90
1 17 63
2 40 68
1 71 99
1 10 54
1 2 62
2 80 98
1 85 93
1 56 72
1 15 50
2 54 94
1 96 100
1 1 99
1 83 88
1 43 59
1 86 92
1 79 81
2 25 55
1 83 97
1 25 45
2 78 92
2 32 46
1 29 93
2 91 93
1 13 29
1 17 26
2 6 15
2 11 54
1 81 86
1 59 72
1 71 89
2 74 78
2 88 93
2 1 73
2 87 97
2 3 4
2 50 91
1 12 98
1 68 87
2 82 88
2 12 16
2 19 79
2 46 70
2 45 51
2 46 66
1 95 98
2 26 92
2 17 17
2 39 54
1 30 82
1 63 70
2 67 84
1 72 76
1 60 67
1 71 90
